epoch: 1 step: 1875, loss is 2.294729709625244
epoch: 2 step: 1875, loss is 0.925371527671814
epoch: 3 step: 1875, loss is 0.12525685131549835
Metrics: {'loss': 0.08241323675014055, 'acc': 0.9723557692307693}

